# Year Month Mortgage Amount
2019 4 200000
2019 05 198405
2019 06 196805
2019 07 195202
2019 08 193593
2019 09 191981
2019 10 190364
2019 11 188743
2019 12 187118
2020 01 185488
2020 02 183854
2020 03 182216
2020 04 172552
2020 05 170883
2020 06 169210
2020 07 167533
2020 08 165851
2020 09 164165
2020 10 162474
2020 11 155765
2020 12 154052
2021 01 152334
2021 02 148606
2021 03 146874
2021 04 145137
2021 05 143395
2021 06 141649
2021 07 139898
2021 08 138142
2021 09 136382
2021 10 134617
2021 11 132847
2021 12 131073
2022 01 129294
2022 02 127510
2022 03 125721
2022 04 103874
2022 05 102023
2022 06 100166
2022 07 98304.6
2022 08 96438.1
2022 09 94566.6
2022 10 92690.2
2022 11 90808.7
2022 12 88922.2
2023 01 87030.6
2023 02 85134
2023 03 83232.4
2023 04 81325.7
2023 05 79413.9
2023 06 77497
2023 07 75575
2023 08 73647.9
2023 09 71715.6
2023 10 69778.2
2023 11 67835.6
2023 12 65887.9
2024 01 63934.9
2024 02 61976.7
2024 03 60013.3
2024 04 58044.7
2024 05 56070.8
2024 06 54091.7
2024 07 52107.3
2024 08 50117.6
2024 09 48122.6
2024 10 46122.2
2024 11 44116.5
2024 12 42105.5
2025 01 40089.2
2025 02 38067.4
2025 03 36040.2
2025 04 34007.7
2025 05 31969.7
2025 06 29926.3
2025 07 27877.5
2025 08 25823.1
2025 09 23763.3
2025 10 21698
2025 11 19627.2
2025 12 17550.9
2026 01 15469.1
2026 02 13381.6
2026 03 11288.7
2026 04 9190.11
2026 05 7085.96
2026 06 4976.19
2026 07 2860.8
2026 08 739.767
2026 09 0
