# Year Month Mortgage Amount
2019 5 200000
2019 06 198405
2019 07 196805
2019 08 195202
2019 09 193593
2019 10 191981
2019 11 190364
2019 12 188743
2020 01 187118
2020 02 185488
2020 03 183854
2020 04 174195
2020 05 172530
2020 06 170862
2020 07 169189
2020 08 167511
2020 09 165829
2020 10 164143
2020 11 157439
2020 12 155730
2021 01 154016
2021 02 150293
2021 03 148565
2021 04 146833
2021 05 145096
2021 06 143354
2021 07 141607
2021 08 139856
2021 09 138101
2021 10 136340
2021 11 134575
2021 12 132805
2022 01 131031
2022 02 129252
2022 03 127468
2022 04 105626
2022 05 103779
2022 06 101927
2022 07 100070
2022 08 98208.1
2022 09 96341.3
2022 10 94469.5
2022 11 92592.8
2022 12 90711.1
2023 01 88824.3
2023 02 86932.5
2023 03 85035.6
2023 04 83133.7
2023 05 81226.8
2023 06 79314.7
2023 07 77397.6
2023 08 75475.3
2023 09 73547.9
2023 10 71615.4
2023 11 69677.7
2023 12 67734.8
2024 01 65786.8
2024 02 63833.6
2024 03 61875.1
2024 04 59911.5
2024 05 57942.6
2024 06 55968.4
2024 07 53989
2024 08 52004.3
2024 09 50014.3
2024 10 48019
2024 11 46018.4
2024 12 44012.5
2025 01 42001.2
2025 02 39984.5
2025 03 37962.5
2025 04 35935.1
2025 05 33902.2
2025 06 31864
2025 07 29820.3
2025 08 27771.1
2025 09 25716.5
2025 10 23656.5
2025 11 21590.9
2025 12 19519.8
2026 01 17443.2
2026 02 15361
2026 03 13273.3
2026 04 11180.1
2026 05 9081.23
2026 06 6976.78
2026 07 4866.73
2026 08 2751.04
2026 09 629.719
2026 10 0
