# Year Month Cumulative Interest Amount
2019 5 0
2019 06 529.08
2019 07 1053.89
2019 08 1574.43
2019 09 2090.68
2019 10 2602.63
2019 11 3110.27
2019 12 3613.58
2020 01 4112.57
2020 02 4607.2
2020 03 5097.48
2020 04 5562
2020 05 6022.08
2020 06 6477.71
2020 07 6928.88
2020 08 7375.58
2020 09 7817.79
2020 10 8255.5
2020 11 8675.34
2020 12 9090.62
2021 01 9501.33
2021 02 9902.11
2021 03 10298.3
2021 04 10689.8
2021 05 11076.8
2021 06 11459
2021 07 11836.7
2021 08 12209.6
2021 09 12577.9
2021 10 12941.5
2021 11 13300.3
2021 12 13654.5
2022 01 14003.9
2022 02 14348.6
2022 03 14688.5
2022 04 14970.1
2022 05 15246.9
2022 06 15518.7
2022 07 15785.5
2022 08 16047.4
2022 09 16304.3
2022 10 16556.3
2022 11 16803.2
2022 12 17045.1
2023 01 17281.9
2023 02 17513.7
2023 03 17740.5
2023 04 17962.2
2023 05 18178.8
2023 06 18390.3
2023 07 18596.7
2023 08 18798
2023 09 18994.1
2023 10 19185.1
2023 11 19370.9
2023 12 19551.5
2024 01 19726.9
2024 02 19897.2
2024 03 20062.2
2024 04 20221.9
2024 05 20376.4
2024 06 20525.7
2024 07 20669.7
2024 08 20808.3
2024 09 20941.7
2024 10 21069.8
2024 11 21192.5
2024 12 21309.8
2025 01 21421.8
2025 02 21528.5
2025 03 21629.7
2025 04 21725.5
2025 05 21815.9
2025 06 21900.9
2025 07 21980.4
2025 08 22054.5
2025 09 22123.1
2025 10 22186.1
2025 11 22243.7
2025 12 22295.8
2026 01 22342.3
2026 02 22383.3
2026 03 22418.6
2026 04 22448.5
2026 05 22472.7
2026 06 22491.3
2026 07 22504.3
2026 08 22511.6
2026 09 22513.3
2026 10 22509.3
