# Year Month Principal Paid Amount
2019 5 0
2019 06 1593.92
2019 07 3192.11
2019 08 4794.57
2019 09 6401.32
2019 10 8012.37
2019 11 9627.73
2019 12 11247.4
2020 01 12871.4
2020 02 14499.8
2020 03 16132.5
2020 04 25791
2020 05 27453.9
2020 06 29121.3
2020 07 30793.1
2020 08 32469.4
2020 09 34150.2
2020 10 35835.5
2020 11 42538.7
2020 12 44246.4
2021 01 45958.7
2021 02 49680.9
2021 03 51407.7
2021 04 53139.2
2021 05 54875.2
2021 06 56616
2021 07 58361.3
2021 08 60111.4
2021 09 61866.1
2021 10 63625.5
2021 11 65389.7
2021 12 67158.5
2022 01 68932.1
2022 02 70710.4
2022 03 72493.5
2022 04 94334.9
2022 05 96181.1
2022 06 98032.3
2022 07 99888.5
2022 08 101750
2022 09 103616
2022 10 105487
2022 11 107363
2022 12 109244
2023 01 111130
2023 02 113021
2023 03 114917
2023 04 116819
2023 05 118725
2023 06 120637
2023 07 122553
2023 08 124475
2023 09 126402
2023 10 128334
2023 11 130271
2023 12 132213
2024 01 134161
2024 02 136114
2024 03 138072
2024 04 140035
2024 05 142004
2024 06 143977
2024 07 145956
2024 08 147941
2024 09 149930
2024 10 151925
2024 11 153926
2024 12 155931
2025 01 157942
2025 02 159959
2025 03 161980
2025 04 164007
2025 05 166040
2025 06 168078
2025 07 170122
2025 08 172171
2025 09 174225
2025 10 176285
2025 11 178350
2025 12 180421
2026 01 182498
2026 02 184580
2026 03 186667
2026 04 188761
2026 05 190859
2026 06 192964
2026 07 195074
2026 08 197189
2026 09 199311
2026 10 200000
